989799085617868890
989799086574174258
989799087517892608
989799088348336138
989799089275277312
989799090130944041
989799091062067241
989799091879952445
989799092815273994
989799093712863252
989799094509772801
989799095378018304
989799096283967558
989799097219305502
989799098066534423
989799099048013854
989799099916255252
989799100893503508
989799101895938079
989799105234616341
989799106228674591
989799108367777802
989799109324070932
989799111467356220
989799113585475594
989799114726334504
989801036812288051
