986576072378286150
989800466173009923
989799083722022972
989799082522464287
989799082132385892
989799081280950302
989799080018468865
989799079104098337
989799077694828544
989799075853529148
989799074612019202
989799073206927371
989799071378190336
989799070321242112
989799069285244968
989799068425412648
989799067443933184
989799065057374239
989799063031537674
989799061223792650
989799060309409812
989799058434584586
989799056488427540
988997229895385132
987242718336024619
986576870659194902
986576295196524546
